version=3
tiles_per_file=32
hash_size=1
center=59.3986099916639,13.53515625,0,GoogleMap
